Jeffrey Butler 1234 40 15.99 2558.4 844.272 1714.13
Cesar Morris 1235 41 16.99 2786.36 919.499 1866.86
Jennifer Hodges 1236 39 17.99 2806.44 926.125 1880.31
Gary Cannon 1237 44 10.99 1934.24 464.218 1470.02
Mona Wagner 1238 35 20.99 2938.6 969.738 1968.86
Betty Brock 1239 30 30.99 3718.8 1227.2 2491.6
Elvira Simon 1240 40 12.99 2078.4 498.816 1579.58
Jared Francis 1241 41 13.99 2294.36 550.646 1743.71
Hattie Banks 1242 40 10.99 1758.4 422.016 1336.38
Dorothy Cummings 1243 41 11.99 1966.36 471.926 1494.43
Emma Fleming 1244 42 13.99 2350.32 564.077 1786.24
Marcia Collier 1245 38 16.99 2582.48 852.218 1730.26
Josefina Lloyd 1246 31 30.99 3842.76 1268.11 2574.65
Earl Pratt 1247 37 25.99 3846.52 1269.35 2577.17
Anthony Summers 1248 37 20.99 3106.52 1025.15 2081.37
Misty Ortiz 1249 38 13.99 2126.48 510.355 1616.12
Gregory Moore 1250 39 12.99 2026.44 486.346 1540.09
Craig Reese 1251 40 20.99 3358.4 1108.27 2250.13
Pam Stokes 1252 37 19.99 2958.52 976.312 1982.21
Paul Bailey 1253 32 12.99 1662.72 399.053 1263.67
